Mesh Type(Q4, Q9, IRT3_R, IRT3_L, ET3, BiotQ9Q4):
BiotQ9Q4
Number of boundary segments:
49
Coordinates of nodes of boundary segments:
  0      0        60      0
  60      0        60      5
  60      5        50      5
  50      5        20    35
  20     35         0    35
  0     35         0      0
  20.000001   16      23.5    15
  23.5      15       24      15
  24     15      24     20 
  24     20        22.5    20
  22.5    20     20.000001   18.000001
  20.000001      18.000001     20.000001    17     
  20.000001    17      20.000001    16
  19    9.5       20    9.5
  20    9.5          22    11
  22    11      21   13
  21    13       20    13
  20    13      18.000001    10  
  18.000001   10      19     9.5
25.5    7.5    32    9.5
  32    9.5     32.5    12.500001
  32.5     12.500001      28    14
  28     14     26    12.5
  26     12.5          25.5    7.5
 14    29     16.000001    28
  16.000001   28     18    30.5
  18     30.5        15.5    32
  15.5     32        13.5    30.8
  13.5   30.8        14    29
12    27.000001     9.5    26
  9.5    26       11    24
  11     24     15    24   
  15     24       16    26  
  16     26        12     27.000001
  17.000001    20.5      22    24.5
  22     24.5        20.8    26.000001
  20.8     26.000001     17.8   25.000001
  17.8    25.000001       17.000001    20.5
  37.000001    12     36    9.600001
  36    9.600001     38.5   7.5 
  38.5    7.5     41.5    7.8
  41.5     7.8     42     10.5
  42    10.5      37.000001    12
NumHolePoint:
0
SizeETri:
2
HSizeRTri, VSizeRTri:
0.11    0.13
MinXCenterRTriMC,MinXCenterRTriMC:
0   0
MinXCenterQuadMC,MinYCenterQuadMC:
0   0
HSizeQuad, VSizeQuad:
1     1