1.60940503275150e-09
-2.00409683488946e-09
2.74026511197267e+03
-3.18193294977641e-09
4.44215258412083e-09
5.22438836639293e-09
1.19663094762880e-08
2.73988297580911e+03
1.00113798496645e-08
5.99801087209532e-09
3.97263404941790e-09
3.42701011196743e-09
2.73643241424039e+03
5.82371004010647e-09
4.68553261258570e-10
-2.90842066500426e-10
-2.98427309429705e-09
2.73302765311940e+03
-2.71803090752838e-09
-3.00449327368143e-09
-5.69453881757958e-09
-5.21705064846985e-09
2.73130818579761e+03
-1.02560709304583e-08
-4.18730049794264e-09
-9.49306915514191e-09
-4.78978292505822e-09
2.73153068638396e+03
-1.36734648247733e-08
-3.63041087738809e-09
-9.68817784078451e-09
-2.64110393369156e-09
2.73303460781286e+03
-1.14083410548089e-08
-2.18101266064250e-09
-6.04750971963430e-09
-3.49493253659767e-10
2.73465152893272e+03
-4.40892497388773e-09
-1.04142646734455e-09
-1.09661850062413e-17
6.09792852777692e-10
2.73532928962790e+03
4.40892546319440e-09
-1.04142562797749e-09
6.04750921670853e-09
-3.49492252816191e-10
2.73465152961767e+03
1.14083392494476e-08
-2.18101268176691e-09
9.68817766920953e-09
-2.64110470004221e-09
2.73303460954229e+03
1.36734638234813e-08
-3.63041019577864e-09
9.49306827702781e-09
-4.78977985793343e-09
2.73153068868839e+03
1.02560690277846e-08
-4.18729018230623e-09
5.69453070516961e-09
-5.21703845277156e-09
2.73130818802318e+03
2.71801554788155e-09
-3.00447436917018e-09
2.90829184513399e-10
-2.98424966774240e-09
2.73302765626883e+03
-5.82369714601107e-09
4.68541297205660e-10
-3.97263003543659e-09
3.42696587973214e-09
2.73643241175017e+03
-1.00113468402138e-08
5.99795706718799e-09
-5.22440405647610e-09
1.19663148264566e-08
2.73988296979507e+03
3.18211899074778e-09
4.44221761109298e-09
-1.60933700570883e-09
-2.00416312342250e-09
2.74026508514401e+03
-5.81055298146318e-09
-5.19587173050908e-09
3.63513223731039e-06
-3.61845983211137e-06
5.62132232720514e-06
-2.61067367332429e-07
1.25339840770655e-06
4.13429310967134e-06
-1.12840063555123e-05
8.26334863282858e-06
-2.97874182266332e-05
1.13611090067950e-05
-5.23404132880267e-05
1.25399596719370e-05
-7.56695054866532e-05
1.25757800347774e-05
-9.70826697615051e-05
1.05505534117721e-05
-1.13605357997720e-04
7.47824936691926e-06
-1.22837938490741e-04
2.96125806544883e-06
-1.23239291231390e-04
-2.06020896334505e-06
-1.13847493833753e-04
-7.23859148041705e-06
-9.52357741112873e-05
-1.21259311748749e-05
-6.84202734736427e-05
-1.57925638345860e-05
-3.57984403498693e-05
-1.84931778976791e-05
-1.83451254592916e-11
-1.91069769258952e-05
3.57984036508755e-05
-1.84931777007525e-05
6.84202370448535e-05
-1.57925635721391e-05
9.52357378684806e-05
-1.21259303833833e-05
1.13847457149234e-04
-7.23859044640119e-06
1.23239254632829e-04
-2.06020878778132e-06
1.22837903850253e-04
2.96125645492596e-06
1.13605328354670e-04
7.47824416918743e-06
9.70826515817820e-05
1.05505434589181e-05
7.56695056823980e-05
1.25757674466725e-05
5.23404406040683e-05
1.25399451245009e-05
2.97874748236770e-05
1.13610950291899e-05
1.12840783198041e-05
8.26334497380347e-06
-1.25332972585863e-06
4.13430779220507e-06
-5.62128451270701e-06
-2.61037173570188e-07
-3.63513691313273e-06
-3.61847010324463e-06
5.81051701212025e-09
-5.19624622196501e-09
1.53618893206331e-08
-4.28034118195880e-09
2.74207899751628e+03
1.30587320371837e-06
-4.56450452500440e-06
-4.78067582905869e-06
4.56892520337570e-06
2.74047062069316e+03
-2.05666290715877e-05
1.83271088131710e-05
-4.91144616861125e-05
3.15932812063021e-05
2.73746303102621e+03
-8.64732658319774e-05
4.12032684106698e-05
-1.29161116224204e-04
4.56324370872772e-05
2.73470100709529e+03
-1.72083987888000e-04
4.45599381664680e-05
-2.09984269423324e-04
3.74610030521425e-05
2.73270010900193e+03
-2.38185653981658e-04
2.53245182783415e-05
-2.51856299339619e-04
8.97888749007082e-06
2.73179476112150e+03
-2.48991734115770e-04
-9.67890895996854e-06
-2.27431097728010e-04
-2.87161081144654e-05
2.73180623180327e+03
-1.88916749702551e-04
-4.62446988010695e-05
-1.34988544291231e-04
-6.00994638323735e-05
2.73218872561610e+03
-7.04606810836452e-05
-6.92659409511566e-05
-3.29547581044324e-11
-7.22204025087839e-05
2.73239195954940e+03
7.04606149613079e-05
-6.92659397617753e-05
1.34988477983186e-04
-6.00994623835040e-05
2.73218872661671e+03
1.88916683527532e-04
-4.62446983648683e-05
2.27431031161769e-04
-2.87161090416253e-05
2.73180623254286e+03
2.48991668073253e-04
-9.67891087607788e-06
2.51856236248005e-04
8.97888384725702e-06
2.73179476339242e+03
2.38185596169043e-04
2.53245100788264e-05
2.09984225122298e-04
3.74609846598674e-05
2.73270011352038e+03
1.72083967673189e-04
4.45599039443286e-05
1.29161131554051e-04
4.56323845366218e-05
2.73470100794477e+03
8.64733306974859e-05
4.12032056881009e-05
4.91145723347825e-05
3.15932339369598e-05
2.73746302263745e+03
2.05667697689979e-05
1.83271214638635e-05
4.78079280537283e-06
4.56901713834550e-06
2.74047061347523e+03
-1.30585863681102e-06
-4.56437422564086e-06
-1.53628149829302e-08
-4.28026297117812e-09
2.74207903290469e+03
-2.62669326231154e-08
-4.20652157234720e-09
-6.94703755604660e-06
4.67948135570554e-07
-2.47959365711305e-05
2.19255506958572e-05
-5.96323880446262e-05
5.07146438121311e-05
-1.08223303008331e-04
7.55147622040845e-05
-1.67437576246440e-04
9.31709447442190e-05
-2.31954076059763e-04
9.97270288843067e-05
-2.94745530254308e-04
9.50867204321513e-05
-3.48923098828126e-04
7.77792213253735e-05
-3.86693069804221e-04
5.00939274360163e-05
-4.03029613980968e-04
1.37286443631069e-05
-3.93157241866936e-04
-2.72092775938891e-05
-3.56670926416757e-04
-6.86356528339112e-05
-2.93918223353176e-04
-1.06626631390137e-04
-2.09544951007835e-04
-1.36507477665459e-04
-1.08909413144272e-04
-1.56308100152878e-04
-4.31975967890698e-11
-1.62624542036518e-04
1.08909325570940e-04
-1.56308097303639e-04
2.09544860895278e-04
-1.36507474027702e-04
2.93918131137892e-04
-1.06626630018953e-04
3.56670835193118e-04
-6.86356552007222e-05
3.93157153791474e-04
-2.72092813552954e-05
4.03029528700869e-04
1.37286376176933e-05
3.86692986300032e-04
5.00939120291013e-05
3.48923015886677e-04
7.77791887743400e-05
2.94745456291957e-04
9.50866565707796e-05
2.31954032435105e-04
9.97269331653076e-05
1.67437586131766e-04
9.31708247611196e-05
1.08223407297544e-04
7.55146429760938e-05
5.96326049673220e-05
5.07146064801888e-05
2.47962265106408e-05
2.19256554897550e-05
6.94727085693779e-06
4.68182297295933e-07
2.62671897574231e-08
-4.20591893433073e-09
7.21016594580718e-08
3.86827966187143e-08
2.74344244330579e+03
-1.35152929191244e-05
1.22581068911291e-05
-5.70007110314033e-05
6.29078830799411e-05
2.74329651539341e+03
-1.13983852067670e-04
1.09381832415393e-04
-1.89449825999491e-04
1.48881800847461e-04
2.74054975608156e+03
-2.74800522644974e-04
1.73971549726384e-04
-3.65770672548395e-04
1.79701196496310e-04
2.73657732189027e+03
-4.52679294362970e-04
1.67124837035397e-04
-5.23972928344883e-04
1.32341653874276e-04
2.73310222474344e+03
-5.73793276376914e-04
8.06865990740601e-05
-5.89043602669483e-04
1.42214512073224e-05
2.73070748804644e+03
-5.71960200460560e-04
-5.92658615177905e-05
-5.13260317828975e-04
-1.33091170513486e-04
2.72934737022615e+03
-4.22863313371078e-04
-2.00472386996345e-04
-2.99109454615712e-04
-2.53171004793102e-04
2.72872125223880e+03
-1.55902512397507e-04
-2.88211476005331e-04
-4.91604663467098e-11
-2.99205887166235e-04
2.72854827373333e+03
1.55902412279244e-04
-2.88211470552435e-04
2.99109347474754e-04
-2.53170997597094e-04
2.72872125259083e+03
4.22863200649857e-04
-2.00472379830828e-04
5.13260205300745e-04
-1.33091167982416e-04
2.72934737333675e+03
5.71960092366128e-04
-5.92658652534864e-05
5.89043499129323e-04
1.42214416114494e-05
2.73070748929463e+03
5.73793164491933e-04
8.06865653687889e-05
5.23972799460577e-04
1.32341586929325e-04
2.73310221915626e+03
4.52679148202849e-04
1.67124740242737e-04
3.65770523610324e-04
1.79701061925621e-04
2.73657732365519e+03
2.74800424840152e-04
1.73971409273896e-04
1.89449818109514e-04
1.48881646530871e-04
2.74054977283825e+03
1.13984018944614e-04
1.09381662451205e-04
5.70011460957221e-05
6.29077836755391e-05
2.74329648628995e+03
1.35157903383347e-05
1.22582080096283e-05
-7.21036543459641e-08
3.86827823970977e-08
2.74344229364667e+03
-4.19985691136981e-08
-1.60003098015327e-07
-1.72567867177913e-05
4.84268033771333e-05
-6.83400041551399e-05
1.17380744695060e-04
-1.58695423239676e-04
1.88182156418728e-04
-2.72163355793467e-04
2.48551620086338e-04
-4.02148841715640e-04
2.84704271402961e-04
-5.35480131561477e-04
2.96255476925752e-04
-6.58134108802603e-04
2.68971556211337e-04
-7.59432949525235e-04
2.13983852224790e-04
-8.22944803007711e-04
1.24348574909512e-04
-8.44909835165391e-04
1.67173180363670e-05
-8.12152248353395e-04
-1.04714498239345e-04
-7.31034805090410e-04
-2.25824229775908e-04
-5.96829623615422e-04
-3.33511336329961e-04
-4.24337349186679e-04
-4.21955015041856e-04
-2.19422193352279e-04
-4.74913583332259e-04
-5.66226689457285e-11
-4.96852313035405e-04
2.19422077114726e-04
-4.74913571924050e-04
4.24337225422731e-04
-4.21954996153691e-04
5.96829488748042e-04
-3.33511324447247e-04
7.31034661108600e-04
-2.25824230078774e-04
8.12152096169146e-04
-1.04714515889601e-04
8.44909678214718e-04
1.67172861390115e-05
8.22944657541767e-04
1.24348545940127e-04
7.59432816637360e-04
2.13983821065420e-04
6.58133988740451e-04
2.68971500829285e-04
5.35480018309318e-04
2.96255388432141e-04
4.02148686507469e-04
2.84704143083811e-04
2.72163168880690e-04
2.48551448225851e-04
1.58695231716351e-04
1.88181803190516e-04
6.83399045394609e-05
1.17380315869743e-04
1.72568761189567e-05
4.84265592943482e-05
4.20017590585878e-08
-1.60001885177423e-07
-2.55947115045815e-07
-4.59622893126690e-07
2.76048749708841e+03
3.09528021126035e-06
-1.67730734376691e-06
2.76438530560300e+03
-5.64645480844652e-05
1.11394118842613e-04
-1.02815665303749e-04
1.19049566019112e-04
-1.43457054271202e-04
2.13131086499008e-04
2.74437484644977e+03
-2.15525034285398e-04
2.28248706495730e-04
2.74565658317608e+03
-2.77615861827745e-04
3.10320948904572e-04
-3.41064570598723e-04
3.25086934105086e-04
-4.30338166649346e-04
3.85353640360109e-04
2.73870867297449e+03
-4.66986513268330e-04
3.95863826153182e-04
2.73798950227584e+03
-6.02197039910630e-04
4.22926736898657e-04
-5.87568026156638e-04
4.24347810180250e-04
-7.71087278445557e-04
4.28001015809225e-04
2.73466991478106e+03
-6.95945446141823e-04
4.18275350641441e-04
2.73281710441412e+03
-9.22910300770386e-04
3.76481641981256e-04
-7.85666325163753e-04
3.61608421917273e-04
-1.04691616368557e-03
2.91802502159990e-04
2.73123236583285e+03
-8.50464819186004e-04
2.72275583199459e-04
2.72930906421128e+03
-1.11649171591070e-03
1.57141852817932e-04
-8.79917685918668e-04
1.39969638367563e-04
-1.13870109842779e-03
2.06051059883932e-06
2.72938274731340e+03
-8.74382482141867e-04
-1.14863869682894e-05
2.72840482888483e+03
-1.08269559745654e-03
-1.72546129230706e-04
-8.19319409849279e-04
-1.79752649400825e-04
-9.73490269741764e-04
-3.45392117008473e-04
2.72883068102341e+03
-7.26842346447465e-04
-3.45436585828642e-04
2.72938075932819e+03
-7.88417335861296e-04
-4.97131313180013e-04
-5.84991585570232e-04
-4.91356821242488e-04
-5.61750846287291e-04
-6.24266263650943e-04
2.72890885586365e+03
-4.14196486668515e-04
-6.12485997263048e-04
2.73078603245437e+03
-2.88721650774526e-04
-6.96839747936130e-04
-2.12552607416753e-04
-6.82704985180985e-04
-4.60390594282798e-11
-7.30528103209787e-04
2.72901864189120e+03
-3.87440186795284e-11
-7.14212165029657e-04
2.73140932827172e+03
2.88721556912428e-04
-6.96839731560747e-04
2.12552535563796e-04
-6.82704963720460e-04
5.61750746358407e-04
-6.24266233529246e-04
2.72890885670499e+03
4.14196414838219e-04
-6.12485956775890e-04
2.73078603348991e+03
7.88417225026812e-04
-4.97131285999250e-04
5.84991504415845e-04
-4.91356784044187e-04
9.73490143866506e-04
-3.45392096516079e-04
2.72883068104443e+03
7.26842244534838e-04
-3.45436553152881e-04
2.72938076409360e+03
1.08269544940304e-03
-1.72546118749292e-04
8.19319229723245e-04
-1.79752612178278e-04
1.13870092500948e-03
2.06051325193067e-06
2.72938274901196e+03
8.74382222666810e-04
-1.14863419708344e-05
2.72840483470682e+03
1.11649152770339e-03
1.57141877778060e-04
8.79917439171670e-04
1.39969731050033e-04
1.04691595903698e-03
2.91802545581729e-04
2.73123239021348e+03
8.50464589449724e-04
2.72275720535644e-04
2.72930914842404e+03
9.22910057425210e-04
3.76481658021793e-04
7.85666056238978e-04
3.61608562346323e-04
7.71086986324025e-04
4.28000999719035e-04
2.73466993772938e+03
6.95945113338912e-04
4.18275481386416e-04
2.73281707440027e+03
6.02196598136071e-04
4.22926655915082e-04
5.87567433197989e-04
4.24347815576197e-04
4.30337593369301e-04
3.85353506186670e-04
2.73870865458628e+03
4.66985693409889e-04
3.95863706042293e-04
2.73798937393068e+03
2.77615190001778e-04
3.10320585760593e-04
3.41063673920599e-04
3.25086340576456e-04
1.43456397763053e-04
2.13130601007507e-04
2.74437486241344e+03
2.15524195644612e-04
2.28247800613268e-04
2.74565672458427e+03
5.64641643233851e-05
1.11393712426084e-04
1.02815145049908e-04
1.19048858649577e-04
2.55959539974461e-07
-4.59637356175240e-07
2.76048730704835e+03
-3.09532943775911e-06
-1.67737882403247e-06
2.76438644378245e+03
7.91433846767169e-06
1.41121260139049e-06
6.13942699892748e-07
2.47674618740953e-08
-1.32481868840154e-04
1.98657385721076e-04
-6.18019511055655e-05
1.90083134080285e-04
-2.85976199253530e-04
3.55036768877105e-04
-1.77355234649133e-04
3.45071712345455e-04
-4.73172782546701e-04
4.78300001501548e-04
-3.83111478364413e-04
4.85266254905727e-04
-6.66507265916292e-04
5.58989133937341e-04
-6.25671813653665e-04
5.87133234127513e-04
-8.76140403041518e-04
5.88359419823888e-04
-9.19546110132888e-04
6.37371082893053e-04
-1.07314753823500e-03
5.71714418200009e-04
-1.21429822393129e-03
6.39193815425865e-04
-1.24748797696156e-03
4.87632357456373e-04
-1.48558480106895e-03
5.56829146768018e-04
-1.38475474761195e-03
3.62021742170483e-04
-1.71341876290355e-03
4.26808278387738e-04
-1.45453846942030e-03
1.77133832166253e-04
-1.84353970659925e-03
2.22423923955508e-04
-1.46731171814219e-03
-3.17403514294002e-05
-1.89578408008507e-03
-1.06403306085047e-05
-1.38351610897041e-03
-2.63324057603357e-04
-1.80775868799920e-03
-2.71396334766873e-04
-1.23741454331609e-03
-4.91081018867553e-04
-1.63187619118823e-03
-5.28881548454786e-04
-9.97516182994349e-04
-6.90287249572717e-04
-1.32211042895169e-03
-7.53398196383402e-04
-7.09345908402603e-04
-8.57179469270437e-04
-9.43909023536644e-04
-9.42147343609825e-04
-3.63752484708133e-04
-9.51939131048528e-04
-4.84824739444833e-04
-1.04864080066465e-03
-1.72253882251905e-11
-9.96478845704265e-04
-3.56024992956864e-11
-1.09916538011988e-03
3.63752453252922e-04
-9.51939111140205e-04
4.84824661327384e-04
-1.04864078809806e-03
7.09345873621092e-04
-8.57179430175173e-04
9.43908934015969e-04
-9.42147319623928e-04
9.97516143411972e-04
-6.90287195528813e-04
1.32211032905858e-03
-7.53398161789828e-04
1.23741448704481e-03
-4.91080951120380e-04
1.63187607927125e-03
-5.28881507458408e-04
1.38351601530428e-03
-2.63323970985741e-04
1.80775860473588e-03
-2.71396298129571e-04
1.46731156920243e-03
-3.17402475786664e-05
1.89578401240627e-03
-1.06403030254637e-05
1.45453823033274e-03
1.77133962742100e-04
1.84353954375822e-03
2.22423936879571e-04
1.38475440084374e-03
3.62021889333658e-04
1.71341848020618e-03
4.26808269802461e-04
1.24748745261770e-03
4.87632466283024e-04
1.48558437923332e-03
5.56829080067043e-04
1.07314683412861e-03
5.71714478426031e-04
1.21429768197459e-03
6.39193692243848e-04
8.76139438360950e-04
5.88359411062813e-04
9.19545455873228e-04
6.37370955346539e-04
6.66506100933736e-04
5.58989060792594e-04
6.25671083768793e-04
5.87133114883873e-04
4.73171502229630e-04
4.78299817142794e-04
3.83110597647298e-04
4.85266262669275e-04
2.85974966555588e-04
3.55036513511738e-04
1.77354334742977e-04
3.45071823054142e-04
1.32481042135384e-04
1.98657197782011e-04
6.18013684274647e-05
1.90083245712336e-04
-7.91451497045429e-06
1.41117579312489e-06
-6.13951388293148e-07
2.47783397635589e-08
2.08581450065832e-05
8.23174093406819e-06
2.77480327479592e+03
5.92900234769540e-07
-6.14420636490083e-07
2.75926962729611e+03
-2.43057710393396e-04
3.10302403614087e-04
-5.08705049041929e-05
2.92194261943764e-04
-4.94351092066327e-04
5.40716630107672e-04
2.75181351177406e+03
-2.04776304116170e-04
5.48960684555700e-04
2.74695551893842e+03
-7.44209356172497e-04
6.90357332860257e-04
-5.18503570681436e-04
7.86232715133265e-04
-9.80202407018894e-04
7.70812192691660e-04
2.73017909381298e+03
-9.10324049429274e-04
9.62610436960591e-04
2.73260375688934e+03
-1.22377976396749e-03
7.81398474723637e-04
-1.39731275529721e-03
1.04794596576766e-03
-1.44140812327154e-03
7.29466933692359e-04
2.71778538283748e+03
-1.89367343130996e-03
1.04895480530930e-03
2.72411393492556e+03
-1.63165100408009e-03
6.03511860696733e-04
-2.35255832983172e-03
9.12262016433841e-04
-1.77323312343297e-03
4.26720501857469e-04
2.71594362150778e+03
-2.73883099190554e-03
6.92715409788089e-04
2.72252223079129e+03
-1.83682540544159e-03
1.85272165412570e-04
-2.96489310658140e-03
3.57685654649480e-04
-1.83137352097947e-03
-8.36625398829200e-05
2.72362322024602e+03
-3.05686730934815e-03
-2.56628540470000e-05
2.72714973217261e+03
-1.71436739196016e-03
-3.76819365805973e-04
-2.92305981552976e-03
-4.48348667078812e-04
-1.52347702039457e-03
-6.63313136887420e-04
2.73622367372469e+03
-2.63826843784827e-03
-8.64032340493040e-04
2.73465126943449e+03
-1.22395515152107e-03
-9.13567702551406e-04
-2.14107552924811e-03
-1.22591298854068e-03
-8.67543901291710e-04
-1.12227726120532e-03
2.74721345455354e+03
-1.52684848105660e-03
-1.52614905629194e-03
2.74114373469275e+03
-4.44454596426924e-04
-1.24131145077961e-03
-7.85367365879855e-04
-1.69888790959731e-03
2.99371727300446e-11
-1.29672098570760e-03
2.75149293842267e+03
-3.86962688327252e-11
-1.77653746280872e-03
2.74367331945895e+03
4.44454666717645e-04
-1.24131142845933e-03
7.85367276006182e-04
-1.69888790633507e-03
8.67543972729788e-04
-1.12227721419226e-03
2.74721344662137e+03
1.52684837352584e-03
-1.52614904915579e-03
2.74114372673487e+03
1.22395523068158e-03
-9.13567610148062e-04
2.14107540634879e-03
-1.22591296039006e-03
1.52347708442718e-03
-6.63312996333107e-04
2.73622368128392e+03
2.63826830189693e-03
-8.64032294702352e-04
2.73465125840494e+03
1.71436740233183e-03
-3.76819158664810e-04
2.92305975349023e-03
-4.48348618130548e-04
1.83137343527883e-03
-8.36622747733778e-05
2.72362328422461e+03
3.05686731368238e-03
-2.56628226039341e-05
2.72714977842375e+03
1.83682510384517e-03
1.85272449106059e-04
2.96489297905194e-03
3.57685572415493e-04
1.77323256246608e-03
4.26720784439407e-04
2.71594369721010e+03
2.73883066897229e-03
6.92715215073320e-04
2.72252207687634e+03
1.63165004550530e-03
6.03512087045987e-04
2.35255780987616e-03
9.12261797448610e-04
1.44140677919932e-03
7.29467091142974e-04
2.71778522959825e+03
1.89367277922590e-03
1.04895458193067e-03
2.72411400209966e+03
1.22377804807993e-03
7.81398576944306e-04
1.39731209006413e-03
1.04794579553942e-03
9.80200431873597e-04
7.70812247152813e-04
2.73017863633874e+03
9.10323398668891e-04
9.62610329910217e-04
2.73260375047930e+03
7.44207349755087e-04
6.90357507258913e-04
5.18502803065667e-04
7.86232989993788e-04
4.94349262199030e-04
5.40716899293311e-04
2.75181398803742e+03
2.04775527139505e-04
5.48961230238900e-04
2.74695546676500e+03
2.43056425106077e-04
3.10302591888839e-04
5.08700298235813e-05
2.92194703949718e-04
-2.08586617980797e-05
8.23176028641077e-06
2.77480862844887e+03
-5.92903626576161e-07
-6.14417830704020e-07
2.75926954154214e+03
-1.32403543635215e-07
6.12131684713330e-08
-6.76599243168130e-05
4.17665562025032e-04
-3.03649191300413e-04
8.42544322472748e-04
-7.42336760592381e-04
1.22959404344871e-03
-1.32599333061724e-03
1.51554597793751e-03
-2.01990973403939e-03
1.65884222021338e-03
-2.73225116858133e-03
1.64016833144559e-03
-3.38786480344401e-03
1.43083469897646e-03
-3.92011452834556e-03
1.06459120986972e-03
-4.24676016602249e-03
5.47496708342760e-04
-4.34871346605296e-03
-5.78993994719216e-05
-4.16833326365045e-03
-7.10440647274170e-04
-3.73781775545464e-03
-1.34783953671404e-03
-3.04427048417126e-03
-1.91013262411655e-03
-2.15815304383128e-03
-2.35814279654062e-03
-1.11506755722954e-03
-2.63549124124284e-03
-4.87653345499322e-11
-2.73876329260382e-03
1.11506744975456e-03
-2.63549124813999e-03
2.15815291576713e-03
-2.35814280474084e-03
3.04427033429248e-03
-1.91013260942002e-03
3.73781758984265e-03
-1.34783949551710e-03
4.16833314112549e-03
-7.10440567323952e-04
4.34871340484066e-03
-5.78993389472554e-05
4.24676002507318e-03
5.47496509911264e-04
3.92011417801856e-03
1.06459077917975e-03
3.38786424564773e-03
1.43083437757219e-03
2.73225052577841e-03
1.64016817380707e-03
2.01990911894211e-03
1.65884210021730e-03
1.32599274960087e-03
1.51554588741911e-03
7.42336168705641e-04
1.22959424527893e-03
3.03648693668455e-04
8.42544724137731e-04
6.76596776131175e-05
4.17665837229326e-04
1.32404981526869e-07
6.12135148016084e-08
1.02545923170524e-07
-1.82036468582660e-07
2.76759952952798e+03
-1.14804724591523e-04
5.75656698915659e-04
-4.67901251898959e-04
1.22629334684898e-03
2.75636640300688e+03
-1.06016947235614e-03
1.81699620858208e-03
-1.86754077809031e-03
2.25441250107280e-03
2.74086753444899e+03
-2.78888614717912e-03
2.46981300083513e-03
-3.73215467832775e-03
2.42190827597018e-03
2.72955020226732e+03
-4.59052051310050e-03
2.11126398540854e-03
-5.26513614171854e-03
1.54878732328079e-03
2.72383118779392e+03
-5.68649660702283e-03
7.90344687769035e-04
-5.78211269617183e-03
-1.06571207717941e-04
2.72289190503610e+03
-5.54054398390693e-03
-1.05937893698142e-03
-4.94050844313132e-03
-1.98566488462587e-03
2.72473141294491e+03
-4.02935711377929e-03
-2.80796478203890e-03
-2.84375244907764e-03
-3.44812993186355e-03
2.72706869557323e+03
-1.47305383080585e-03
-3.86048643211941e-03
-6.49647422630057e-11
-3.99755998571627e-03
2.72807812474233e+03
1.47305369960204e-03
-3.86048644855329e-03
2.84375229928102e-03
-3.44812995319662e-03
2.72706869605705e+03
4.02935693299579e-03
-2.80796478131310e-03
4.94050823421426e-03
-1.98566484712993e-03
2.72473141853609e+03
5.54054373242641e-03
-1.05937881543164e-03
5.78211245154943e-03
-1.06571107274586e-04
2.72289190177900e+03
5.68649638393365e-03
7.90344376061771e-04
5.26513577722000e-03
1.54878666378881e-03
2.72383122215755e+03
4.59051999412533e-03
2.11126362807507e-03
3.73215414627680e-03
2.42190831163764e-03
2.72955019061803e+03
2.78888562412986e-03
2.46981300917761e-03
1.86754026032056e-03
2.25441243210336e-03
2.74086753868876e+03
1.06016913815599e-03
1.81699602274510e-03
4.67901205073947e-04
1.22629307304712e-03
2.75636641295469e+03
1.14804849871447e-04
5.75656362341715e-04
-1.02547281180790e-07
-1.82038092777222e-07
2.76759954426922e+03
-6.43512759501229e-09
-6.10585895616727e-08
-1.71856367245052e-04
8.63771964981146e-04
-6.77432654846917e-04
1.81459868725771e-03
-1.49911094162477e-03
2.66852567458844e-03
-2.57052434499208e-03
3.28504975776877e-03
-3.78096006659487e-03
3.57267216162845e-03
-5.00198570406218e-03
3.48085523381146e-03
-6.10138442707923e-03
3.00786140660481e-03
-6.96044766684390e-03
2.18580014156687e-03
-7.47701266122841e-03
1.08502586933106e-03
-7.58292581961117e-03
-2.01338457589307e-04
-7.23887059740365e-03
-1.56248096062195e-03
-6.44831518753774e-03
-2.88079209950976e-03
-5.24524400063499e-03
-4.04532381283699e-03
-3.70210487553796e-03
-4.95429582506068e-03
-1.91433681814339e-03
-5.53398265634337e-03
-7.07502501794400e-11
-5.73135902363416e-03
1.91433667278881e-03
-5.53398265095060e-03
3.70210472772165e-03
-4.95429580705113e-03
5.24524383644452e-03
-4.04532375634169e-03
6.44831497269641e-03
-2.88079199803074e-03
7.23887033737559e-03
-1.56248085705881e-03
7.58292552702405e-03
-2.01338423449501e-04
7.47701231014092e-03
1.08502580061559e-03
6.96044724867947e-03
2.18580000148292e-03
6.10138394581183e-03
3.00786124996244e-03
5.00198517899457e-03
3.48085510703758e-03
3.78095955247371e-03
3.57267205867819e-03
2.57052389261438e-03
3.28504961912105e-03
1.49911061731535e-03
2.66852543236230e-03
6.77432603338772e-04
1.81459836182684e-03
1.71856513478005e-04
8.63771823627563e-04
6.43529713389643e-09
-6.10576965213112e-08
3.34156556447515e-08
-1.12282106284925e-07
2.78255148652597e+03
-2.47752429625100e-04
1.26550389326734e-03
-9.45444505307841e-04
2.60723256216324e-03
2.75968242280099e+03
-2.04707939528366e-03
3.78738169280569e-03
-3.45412237841633e-03
4.61930865860309e-03
2.73790926642901e+03
-5.02043116021928e-03
4.98522879980463e-03
-6.58335025841775e-03
4.82215233288929e-03
2.72323276572055e+03
-7.97749266773950e-03
4.13501888902577e-03
-9.05381185263929e-03
2.97291820526937e-03
2.71661185112034e+03
-9.68844269288322e-03
1.43637906042916e-03
-9.79455320583163e-03
-3.46156809851680e-04
2.71685394338168e+03
-9.32919334241535e-03
-2.22281663463818e-03
-8.29437548025126e-03
-4.03422762920491e-03
2.72078805466626e+03
-6.73886628009795e-03
-5.63056636100060e-03
-4.75139605830879e-03
-6.87445544187769e-03
2.72491877869113e+03
-2.45595543902556e-03
-7.66708705796678e-03
-6.16215254225582e-11
-7.93670169137213e-03
2.72661695462420e+03
2.45595530812490e-03
-7.66708700995019e-03
4.75139591880462e-03
-6.87445536001746e-03
2.72491878496701e+03
6.73886612221160e-03
-5.63056629015688e-03
8.29437527122761e-03
-4.03422757223182e-03
2.72078804359450e+03
9.32919307526654e-03
-2.22281656284229e-03
9.79455289317290e-03
-3.46156745189079e-04
2.71685394371450e+03
9.68844231777965e-03
1.43637908545712e-03
9.05381137894578e-03
2.97291817976865e-03
2.71661184317981e+03
7.97749211408735e-03
4.13501880743608e-03
6.58334969532948e-03
4.82215220526593e-03
2.72323277106602e+03
5.02043064133041e-03
4.98522862931761e-03
3.45412190634932e-03
4.61930845234852e-03
2.73790926537989e+03
2.04707897152557e-03
3.78738146450112e-03
9.45444225185572e-04
2.60723224679788e-03
2.75968244438154e+03
2.47752484352530e-04
1.26550345488455e-03
-3.34147959060257e-08
-1.12282410195259e-07
2.78255140214398e+03
4.48486327405075e-08
-1.24212923840812e-07
-3.36358473104664e-04
1.81074752014645e-03
-1.27081440980364e-03
3.66032703382608e-03
-2.72186316320643e-03
5.24843927845019e-03
-4.54929696574966e-03
6.33924475611256e-03
-6.56193298860278e-03
6.78615802039102e-03
-8.55103279225515e-03
6.51709867476189e-03
-1.03101763622767e-02
5.54541588672473e-03
-1.16551593552983e-02
3.94487385481683e-03
-1.24323353635935e-02
1.85213530574534e-03
-1.25382172780861e-02
-5.58624643229636e-04
-1.19188788479127e-02
-3.08542450327701e-03
-1.05821714329921e-02
-5.51704289559218e-03
-8.58790045057865e-03
-7.65496085271540e-03
-6.05118055669629e-03
-9.31912019635801e-03
-3.12627122035618e-03
-1.03778816168785e-02
-3.67214870604499e-11
-1.07385601596098e-02
3.12627114507785e-03
-1.03778815651396e-02
6.05118042562594e-03
-9.31912007736479e-03
8.58790024807346e-03
-7.65496073861651e-03
1.05821712339465e-02
-5.51704278983179e-03
1.19188786271617e-02
-3.08542433953205e-03
1.25382169576430e-02
-5.58624477443386e-04
1.24323349374750e-02
1.85213539016025e-03
1.16551588255642e-02
3.94487385049890e-03
1.03101757556529e-02
5.54541582232850e-03
8.55103217011492e-03
6.51709855564157e-03
6.56193239910503e-03
6.78615780657790e-03
4.54929647906947e-03
6.33924444860086e-03
2.72186271442312e-03
5.24843898976563e-03
1.27081365559821e-03
3.66032671755981e-03
3.36357593654800e-04
1.81074678078223e-03
-4.48488843665517e-08
-1.24214576446355e-07
6.07068176144139e-08
-1.46120774285812e-07
2.80163595942885e+03
-4.51228387560591e-04
2.54640522725259e-03
-1.67813291027712e-03
5.05546339258241e-03
2.76331224776040e+03
-3.56144008598800e-03
7.15478932182276e-03
-5.90917922567211e-03
8.55629887817429e-03
2.72964248493259e+03
-8.47287243669944e-03
9.08566506824134e-03
-1.09875824926674e-02
8.66321564314917e-03
2.70984894224494e+03
-1.31961571076355e-02
7.31671816792465e-03
-1.48703800468184e-02
5.15098026479321e-03
2.70316589087661e+03
-1.58223977096428e-02
2.34919742127060e-03
-1.59255757761254e-02
-8.58123223644363e-04
2.70650903336175e+03
-1.51161404999808e-02
-4.20590365570126e-03
-1.34053794372373e-02
-7.41900487243851e-03
2.71473693204056e+03
-1.08702040011328e-02
-1.02382295771894e-02
-7.65496838311320e-03
-1.24303468831869e-02
2.72246374543608e+03
-3.95362619747975e-03
-1.38235529986387e-02
-4.89761890013534e-11
-1.42982515791819e-02
2.72555845823281e+03
3.95362614598582e-03
-1.38235530989075e-02
7.65496835114141e-03
-1.24303469339446e-02
2.72246371899670e+03
1.08702039223096e-02
-1.02382293172155e-02
1.34053793311388e-02
-7.41900431087295e-03
2.71473698032573e+03
1.51161402836296e-02
-4.20590308347745e-03
1.59255753588017e-02
-8.58122814750450e-04
2.70650904141953e+03
1.58223971540729e-02
2.34919762007598e-03
1.48703794298929e-02
5.15098028755474e-03
2.70316588892431e+03
1.31961564571869e-02
7.31671810914178e-03
1.09875818070559e-02
8.66321552606024e-03
2.70984894074056e+03
8.47287172910857e-03
9.08566483185158e-03
5.90917863079518e-03
8.55629842852910e-03
2.72964249309627e+03
3.56143961988848e-03
7.15478858462758e-03
1.67813205022651e-03
5.05546263904323e-03
2.76331214390295e+03
4.51227050539476e-04
2.54640495787908e-03
-6.07089769473123e-08
-1.46120730422083e-07
2.80163627397191e+03
1.11852668445357e-07
-2.03519885163295e-07
-5.82522907648729e-04
3.51075012546735e-03
-2.17608743466198e-03
6.86506035486445e-03
-4.59623467867989e-03
9.60195591693515e-03
-7.58706760918275e-03
1.13797042715704e-02
-1.08313402912662e-02
1.19943928703767e-02
-1.39943099568023e-02
1.13613814177539e-02
-1.67568353146983e-02
9.52957077418966e-03
-1.88371816624874e-02
6.64391765812150e-03
-2.00051655691337e-02
2.94613179101891e-03
-2.01060594507300e-02
-1.26373938906225e-03
-1.90629726601948e-02
-5.64258412645047e-03
-1.68919764908359e-02
-9.83628577643153e-03
-1.36894279228655e-02
-1.35102307175470e-02
-9.63687237941961e-03
-1.63647056815367e-02
-4.97606490889653e-03
-1.81776672023171e-02
-1.57353409350428e-10
-1.87954018499949e-02
4.97606471847019e-03
-1.81776674404025e-02
9.63687260068008e-03
-1.63647059466772e-02
1.36894284128211e-02
-1.35102304750312e-02
1.68919766190464e-02
-9.83628502376356e-03
1.90629722643871e-02
-5.64258342189999e-03
2.01060587894002e-02
-1.26373892899724e-03
2.00051647957434e-02
2.94613202088562e-03
1.88371809212773e-02
6.64391769640116e-03
1.67568346336013e-02
9.52957074042374e-03
1.39943092270946e-02
1.13613813403957e-02
1.08313394766520e-02
1.19943927014382e-02
7.58706669325214e-03
1.13797038784887e-02
4.59623390432828e-03
9.60195502783586e-03
2.17608739493535e-03
6.86505941663855e-03
5.82523382340272e-04
3.51075049899459e-03
-1.11852790882767e-07
-2.03517146828760e-07
1.56555926550482e-07
-2.21080206107145e-07
2.82198493366644e+03
-7.57805817630379e-04
4.77354352288319e-03
-2.79874899656741e-03
9.19348250453176e-03
2.75735762582518e+03
-5.87109512917702e-03
1.27259871096912e-02
-9.64548595956588e-03
1.49622315082591e-02
2.70841382247676e+03
-1.37183448872900e-02
1.56651206907725e-02
-1.76708650064231e-02
1.47510229255845e-02
2.68402552339966e+03
-2.11085306372687e-02
1.22962558728784e-02
-2.36843996509181e-02
8.49945915897547e-03
2.68054822640332e+03
-2.51181586714019e-02
3.67393179558877e-03
-2.52188692352890e-02
-1.79401478070997e-03
2.69197375762254e+03
-2.38944347433766e-02
-7.46640498999678e-03
-2.11632456306311e-02
-1.28907058828184e-02
2.70898290093726e+03
-1.71464980680047e-02
-1.76383106084224e-02
-1.20684495125439e-02
-2.13263730881473e-02
2.72297584042633e+03
-6.23126185461273e-03
-2.36671420530490e-02
-2.63864496231514e-10
-2.44659566712319e-02
2.72826821440998e+03
6.23126149549291e-03
-2.36671421550598e-02
1.20684498676528e-02
-2.13263732736599e-02
2.72297593285841e+03
1.71464989655623e-02
-1.76383108328116e-02
2.11632459349488e-02
-1.28907060985892e-02
2.70898271294369e+03
2.38944342529171e-02
-7.46640513755082e-03
2.52188684843057e-02
-1.79401481939557e-03
2.69197369831544e+03
2.51181578246896e-02
3.67393188124959e-03
2.36843988448006e-02
8.49945930174977e-03
2.68054825091018e+03
2.11085299174518e-02
1.22962559304851e-02
1.76708642633885e-02
1.47510228873595e-02
2.68402551984113e+03
1.37183440813232e-02
1.56651206746852e-02
9.64548489918146e-03
1.49622315584557e-02
2.70841383310303e+03
5.87109421852351e-03
1.27259872162304e-02
2.79874984785236e-03
9.19348275769356e-03
2.75735794138984e+03
7.57808086260785e-04
4.77354395964482e-03
-1.56554017076247e-07
-2.21080141370777e-07
2.82198452725725e+03
1.81981201280058e-07
-2.39404906521201e-07
-9.74351517526059e-04
6.36845695475650e-03
-3.55020664384566e-03
1.21267118376676e-02
-7.41430065401796e-03
1.66435057266699e-02
-1.21428670361579e-02
1.94306826880163e-02
-1.72231531441774e-02
2.02211792482946e-02
-2.21342634609853e-02
1.89390440695610e-02
-2.63932865165962e-02
1.57002702590669e-02
-2.95750650039621e-02
1.07681525550195e-02
-3.13376402163842e-02
4.54483290508833e-03
-3.14478377159830e-02
-2.47980506510144e-03
-2.97891358210415e-02
-9.75085554867568e-03
-2.63834037109886e-02
-1.66955720330142e-02
-2.13773166042926e-02
-2.27697950901704e-02
-1.50478211294304e-02
-2.74872946988065e-02
-7.77035878108409e-03
-3.04806870329112e-02
-2.48988565353434e-10
-3.15025837956819e-02
7.77035842161397e-03
-3.04806869439823e-02
1.50478212429191e-02
-2.74872947108842e-02
2.13773170754423e-02
-2.27697956719888e-02
2.63834039279985e-02
-1.66955731169779e-02
2.97891356167466e-02
-9.75085647857681e-03
3.14478373149551e-02
-2.47980558263066e-03
3.13376396823601e-02
4.54483281773628e-03
2.95750642692228e-02
1.07681527610029e-02
2.63932856590276e-02
1.57002703937908e-02
2.21342627219508e-02
1.89390440879992e-02
1.72231525435488e-02
2.02211794021847e-02
1.21428663657079e-02
1.94306831646216e-02
7.41430025243201e-03
1.66435067476233e-02
3.55020753112786e-03
1.21267130746523e-02
9.74353177105625e-04
6.36845728050599e-03
-1.81980841788812e-07
-2.39406417748545e-07
2.20955138102372e-07
-3.54819886265035e-07
2.82341474497325e+03
-1.22953920687288e-03
8.35951550426728e-03
-4.45624108971726e-03
1.58094372621153e-02
2.72992219953272e+03
-9.27568314635820e-03
2.15307793054802e-02
-1.51505468853921e-02
2.49705285849842e-02
2.65682414357542e+03
-2.14296614055313e-02
2.58377093351699e-02
-2.74831238523938e-02
2.40808530248774e-02
2.62816663678224e+03
-3.27250556906468e-02
1.98654783984007e-02
-3.66347961570850e-02
1.35333173945193e-02
2.63665728610780e+03
-3.88041191793440e-02
5.59039731065106e-03
-3.89337543075603e-02
-3.34840623810669e-03
2.66914829988761e+03
-3.68887717756047e-02
-1.25825614466192e-02
-3.26771575423539e-02
-2.13964245257930e-02
2.71079037621691e+03
-2.64879353300435e-02
-2.90994013664099e-02
-1.86485663106128e-02
-3.50812437674350e-02
2.74538145344564e+03
-9.63259916207762e-03
-3.88766676156899e-02
-1.73574705209122e-10
-4.01710949774504e-02
2.75886605674798e+03
9.63259887512599e-03
-3.88766674816435e-02
1.86485661186480e-02
-3.50812436706293e-02
2.74538146600607e+03
2.64879352140017e-02
-2.90994016088065e-02
3.26771575730265e-02
-2.13964250937947e-02
2.71079046935737e+03
3.68887718636041e-02
-1.25825620115690e-02
3.89337542946727e-02
-3.34840662165773e-03
2.66914832246679e+03
3.88041190031446e-02
5.59039712540491e-03
3.66347955748346e-02
1.35333173800717e-02
2.63665722021097e+03
3.27250547973023e-02
1.98654785116628e-02
2.74831231789759e-02
2.40808532397962e-02
2.62816668836562e+03
2.14296610377455e-02
2.58377096518954e-02
1.51505466485557e-02
2.49705290716786e-02
2.65682413768076e+03
9.27568318486477e-03
2.15307800339987e-02
4.45624154041214e-03
1.58094379346838e-02
2.72992214242283e+03
1.22953969468038e-03
8.35951562444597e-03
-2.20955577754241e-07
-3.54819956268333e-07
2.82341471147137e+03
3.40717102834704e-07
-5.26676705411158e-07
-1.46718192396065e-03
1.08841820342492e-02
-5.50724541104028e-03
2.04373230265531e-02
-1.14937575858715e-02
2.76227039107207e-02
-1.87141014132049e-02
3.18471873554777e-02
-2.64198169959302e-02
3.28081536084316e-02
-3.38255634922070e-02
3.04590267387949e-02
-4.02355168791455e-02
2.50451580010136e-02
-4.50327547228058e-02
1.69881407354264e-02
-4.77047477706994e-02
6.92586752397300e-03
-4.78931645508946e-02
-4.38676669782386e-03
-4.54037035383565e-02
-1.60691301438018e-02
-4.02575610959468e-02
-2.72305673378614e-02
-3.26496902418111e-02
-3.69954470012696e-02
-2.30057520827905e-02
-4.45841086736935e-02
-1.18844746385925e-02
-4.94080366946369e-02
-9.58702506306264e-11
-5.10483053435105e-02
1.18844744461649e-02
-4.94080365664072e-02
2.30057518350936e-02
-4.45841084785449e-02
3.26496899770130e-02
-3.69954467936747e-02
4.02575610157462e-02
-2.72305671638730e-02
4.54037036123202e-02
-1.60691300889630e-02
4.78931645652064e-02
-4.38676675460543e-03
4.77047476179343e-02
6.92586734625719e-03
4.50327543036959e-02
1.69881405335101e-02
4.02355162715865e-02
2.50451580695849e-02
3.38255629732490e-02
3.04590270826506e-02
2.64198166626069e-02
3.28081539675783e-02
1.87141012324787e-02
3.18471876460622e-02
1.14937575722862e-02
2.76227040900658e-02
5.50724549217224e-03
2.04373230145272e-02
1.46718197128604e-03
1.08841818927198e-02
-3.40717216042013e-07
-5.26676836891462e-07
1.02140895165678e-06
-6.05425298624889e-07
2.84221473907882e+03
-1.78836105526711e-03
1.41829531085410e-02
-6.81602283549274e-03
2.62257220417995e-02
2.67190122519280e+03
-1.40481465302030e-02
3.51903736120001e-02
-2.28560910834503e-02
4.04212380902926e-02
2.58611584825146e+03
-3.22146744461185e-02
4.14875260117160e-02
-4.12046416150054e-02
3.84389183481278e-02
2.56856018798550e+03
-4.90192717581517e-02
3.15552191890573e-02
-5.48750745014814e-02
2.13934042806846e-02
2.59445342805766e+03
-5.82158362779610e-02
8.71351549531343e-03
-5.85052829819097e-02
-5.54375731450496e-03
2.64876802810981e+03
-5.55851256016958e-02
-2.03125639302371e-02
-4.93450842445755e-02
-3.44645037221086e-02
2.70224390136779e+03
-4.01052415660917e-02
-4.68884542785399e-02
-2.82797558653016e-02
-5.65831642216100e-02
2.73581510316701e+03
-1.46291078895122e-02
-6.27463502977989e-02
-4.17495827132555e-11
-6.48609216495079e-02
2.74626343183163e+03
1.46291077902489e-02
-6.27463502428679e-02
2.82797556917552e-02
-5.65831641103956e-02
2.73581507964835e+03
4.01052413544792e-02
-4.68884540900091e-02
4.93450841265699e-02
-3.44645034985494e-02
2.70224389626341e+03
5.55851255645662e-02
-2.03125637848796e-02
5.85052828771653e-02
-5.54375728177622e-03
2.64876801564060e+03
5.82158360347081e-02
8.71351544146112e-03
5.48750741999717e-02
2.13934042200652e-02
2.59445344825378e+03
4.90192714395992e-02
3.15552192499455e-02
4.12046412335388e-02
3.84389185385808e-02
2.56856016327981e+03
3.22146740670659e-02
4.14875262206650e-02
2.28560908139289e-02
4.04212382497705e-02
2.58611585152537e+03
1.40481463701156e-02
3.51903736965112e-02
6.81602273272518e-03
2.62257220440302e-02
2.67190124504907e+03
1.78836095522963e-03
1.41829530667397e-02
-1.02140921922701e-06
-6.05425371627818e-07
2.84221477429358e+03
-3.22397230253844e-07
6.71211389490104e-07
-2.36423875917872e-03
1.79020577347432e-02
-8.13985970233757e-03
3.29527479276618e-02
-1.69493710864139e-02
4.41905181469323e-02
-2.75415149764359e-02
5.04789531770916e-02
-3.88078134976670e-02
5.16498066664607e-02
-4.96613447993647e-02
4.77339871100662e-02
-5.91182113360485e-02
3.91519716252645e-02
-6.63152200434340e-02
2.65265865643473e-02
-7.04651604967398e-02
1.08068088779512e-02
-7.10536512357262e-02
-6.90798217346563e-03
-6.76614823161711e-02
-2.52918903598868e-02
-6.02913193161075e-02
-4.29548970016014e-02
-4.91017237688019e-02
-5.85195917643128e-02
-3.47232179819011e-02
-7.06758909261896e-02
-1.79759613968936e-02
-7.84404200074218e-02
-4.18462214495323e-11
-8.10862124979102e-02
1.79759613021488e-02
-7.84404200166600e-02
3.47232178636144e-02
-7.06758909403736e-02
4.91017236437376e-02
-5.85195917328109e-02
6.02913192111325e-02
-4.29548969380859e-02
6.76614822217588e-02
-2.52918903185462e-02
7.10536511008973e-02
-6.90798216039846e-03
7.04651602891779e-02
1.08068089160792e-02
6.63152197901745e-02
2.65265866400531e-02
5.91182110542215e-02
3.91519716666401e-02
4.96613444656654e-02
4.77339871265051e-02
3.88078131541218e-02
5.16498067294782e-02
2.75415147093331e-02
5.04789532857482e-02
1.69493709150656e-02
4.41905182892588e-02
8.13985960442093e-03
3.29527480934763e-02
2.36423870035546e-03
1.79020579009420e-02
3.22397138668085e-07
6.71211577475882e-07
-3.21846417175850e-07
1.20120333459466e-08
2.61811806078646e+03
-2.21723412476865e-03
2.14543683632879e-02
-9.86417050028321e-03
4.12133490427407e-02
2.50781971408383e+03
-2.02694969271554e-02
5.45760943872907e-02
-3.28438846420727e-02
6.18915385474853e-02
2.33987172672514e+03
-4.61748913743787e-02
6.30885105233945e-02
-5.90244333472471e-02
5.80809487137148e-02
2.31482688138575e+03
-7.04429110137949e-02
4.76421978514541e-02
-7.90495545825687e-02
3.22285237399203e-02
2.41123311214000e+03
-8.44018289949812e-02
1.31107584477806e-02
-8.51781118472775e-02
-8.52818156270183e-03
2.58058461763069e+03
-8.16250836166359e-02
-3.09624392727890e-02
-7.27788266645438e-02
-5.25729280128237e-02
2.79311060517356e+03
-5.96382293966360e-02
-7.16780270433380e-02
-4.21481647878259e-02
-8.65189460814620e-02
2.98354052178728e+03
-2.19217715393351e-02
-9.61511214470636e-02
-5.72774245862734e-11
-9.92719680275723e-02
3.06231749410196e+03
2.19217714350515e-02
-9.61511213818597e-02
4.21481646973904e-02
-8.65189459746691e-02
2.98354053928678e+03
5.96382293135812e-02
-7.16780270032666e-02
7.27788265797977e-02
-5.25729280465782e-02
2.79311059895787e+03
8.16250835188330e-02
-3.09624392739484e-02
8.51781117322406e-02
-8.52818152027632e-03
2.58058461984063e+03
8.44018288435763e-02
1.31107584536471e-02
7.90495543483394e-02
3.22285237048757e-02
2.41123309085874e+03
7.04429107010890e-02
4.76421978218429e-02
5.90244330323298e-02
5.80809487096149e-02
2.31482688568259e+03
4.61748911031660e-02
6.30885105741150e-02
3.28438844412779e-02
6.18915386595419e-02
2.33987173444485e+03
2.02694968131559e-02
5.45760945348588e-02
9.86417048346753e-03
4.12133492068027e-02
2.50781971495519e+03
2.21723418310176e-03
2.14543685356464e-02
3.21846455687039e-07
1.20120918978702e-08
2.61811804965653e+03
2.75657663806965e-06
-7.47050472728185e-06
-3.17890029208506e-03
2.81028270896182e-02
-1.12584553730971e-02
5.16854535016287e-02
-2.39009117102701e-02
6.81886061706371e-02
-3.87758369680575e-02
7.77245229114761e-02
-5.45531505623823e-02
7.89408902908808e-02
-6.98631384108782e-02
7.32000774536645e-02
-8.31941486091637e-02
5.99529467543083e-02
-9.36183545772399e-02
4.11977100093018e-02
-9.95661584182905e-02
1.71615441195614e-02
-1.00786384638666e-01
-9.67229068515042e-03
-9.59349977725649e-02
-3.81280943012104e-02
-8.57441347124049e-02
-6.57297922280815e-02
-6.97056791182771e-02
-9.00515265003005e-02
-4.94094905010784e-02
-1.09779137634354e-01
-2.55203557151642e-02
-1.21676624816292e-01
1.36290561860994e-12
-1.26539310049365e-01
2.55203556888637e-02
-1.21676624772166e-01
4.94094904314896e-02
-1.09779137561473e-01
6.97056790168072e-02
-9.00515264875666e-02
8.57441345866892e-02
-6.57297922809181e-02
9.59349976338667e-02
-3.81280943522964e-02
1.00786384482754e-01
-9.67229072320498e-03
9.95661582323953e-02
1.71615440749219e-02
9.36183543509370e-02
4.11977099611686e-02
8.31941483651976e-02
5.99529467289699e-02
6.98631381864010e-02
7.32000774602843e-02
5.45531503761120e-02
7.89408903361538e-02
3.87758368326620e-02
7.77245229952401e-02
2.39009116475648e-02
6.81886062714354e-02
1.12584553824932e-02
5.16854536056748e-02
3.17890033867747e-03
2.81028271822802e-02
-2.75657652202849e-06
-7.47050465565272e-06
3.04869092973167e-05
-1.09128079566452e-05
3.26384184948353e+03
-2.39065609125220e-03
3.06124891282749e-04
4.22301191537128e+03
-5.07732842361763e-03
3.52497408956969e-02
-2.47629687922657e-02
3.33156482515592e-02
-1.39276415234868e-02
6.30252232777811e-02
2.25978540582255e+03
-3.94039856547934e-02
5.83992700825505e-02
2.45124931605745e+03
-2.82563547242630e-02
8.26074783558969e-02
-4.37697265428181e-02
7.52824996609193e-02
-4.46237087586737e-02
9.40823107607350e-02
2.29781266582137e+03
-4.10560250158717e-02
8.44308019055650e-02
1.61237387460079e+03
-6.23630835071444e-02
9.54552743317949e-02
-2.92145416945551e-02
8.39690895402384e-02
-7.97731404199255e-02
8.90452299505993e-02
2.38941819787510e+03
-1.25533987595789e-02
7.65424416424814e-02
1.78454897525810e+03
-9.54326767362894e-02
7.31788914705091e-02
9.64748747210122e-03
6.12253645072292e-02
-1.08339458666557e-01
5.11342594680020e-02
2.49909113260740e+03
3.28939312565452e-02
4.08187942895835e-02
2.26351716333825e+03
-1.16262568964952e-01
2.19538297177796e-02
5.49979218565989e-02
1.56816865826034e-02
-1.19406232576085e-01
-1.04513319207110e-02
2.62203817664752e+03
7.37702754433532e-02
-1.20858094793055e-02
2.72531248805305e+03
-1.14605442990041e-01
-4.55356950798519e-02
8.29102009973074e-02
-4.17954547178660e-02
-1.04153402935660e-01
-7.97838604056680e-02
2.66776848958822e+03
8.59230372990534e-02
-7.11287695203797e-02
2.93557623231433e+03
-8.49735073073599e-02
-1.09996906373615e-01
7.47474868463816e-02
-9.75619900288859e-02
-6.11428881102732e-02
-1.35166358167076e-01
2.63703742547403e+03
5.78701452680651e-02
-1.19683935322831e-01
2.91060095164569e+03
-3.14766645658745e-02
-1.49692703161773e-01
3.01437200915790e-02
-1.32653546701490e-01
1.61213948234634e-11
-1.56421374808864e-01
2.60727271808835e+03
1.03389864412285e-11
-1.38503576443978e-01
2.85401446651457e+03
3.14766645547776e-02
-1.49692703147465e-01
-3.01437200776215e-02
-1.32653546873817e-01
6.11428880394642e-02
-1.35166358144930e-01
2.63703738705811e+03
-5.78701452718555e-02
-1.19683935653844e-01
2.91060097526117e+03
8.49735071973864e-02
-1.09996906391835e-01
-7.47474868907064e-02
-9.75619904743053e-02
1.04153402797037e-01
-7.97838604663785e-02
2.66776850204773e+03
-8.59230373912068e-02
-7.11287700439026e-02
2.93557620131086e+03
1.14605442845694e-01
-4.55356951567388e-02
-8.29102011536003e-02
-4.17954552231569e-02
1.19406232423673e-01
-1.04513320051551e-02
2.62203815577512e+03
-7.37702756588833e-02
-1.20858099287169e-02
2.72531251244048e+03
1.16262568788296e-01
2.19538296449650e-02
-5.49979220972344e-02
1.56816862474160e-02
1.08339458473434e-01
5.11342594131204e-02
2.49909114967018e+03
-3.28939315086511e-02
4.08187940843711e-02
2.26351710866215e+03
9.54326765510586e-02
7.31788914414045e-02
-9.64748770467788e-03
6.12253644166436e-02
7.97731402508248e-02
8.90452299492720e-02
2.38941819834069e+03
1.25533985584744e-02
7.65424416569949e-02
1.78454893908584e+03
6.23630833616643e-02
9.54552743571403e-02
2.92145415330732e-02
8.39690896169806e-02
4.46237086414014e-02
9.40823108083625e-02
2.29781266069046e+03
4.10560248996650e-02
8.44308020209135e-02
1.61237390657579e+03
2.82563546570230e-02
8.26074784131003e-02
4.37697264981151e-02
7.52824997805534e-02
1.39276415035994e-02
6.30252233345982e-02
2.25978540921633e+03
3.94039856734141e-02
5.83992701816038e-02
2.45124931966543e+03
5.07732842835726e-03
3.52497409318171e-02
2.47629688306605e-02
3.33156483084543e-02
-3.04869088723765e-05
-1.09128079672347e-05
3.26384182281801e+03
2.39065612930497e-03
3.06124870804291e-04
4.22301194486695e+03
3.33149366417510e-05
-6.03847766929153e-07
-6.86587055293722e-04
1.41654502720657e-04
-7.61965987897054e-03
4.25628243420158e-02
-1.42029251361711e-02
4.16959677865643e-02
-1.80720505576185e-02
7.52910106495911e-02
-2.65844619883541e-02
7.35216277439608e-02
-3.33151720545541e-02
9.78159661138767e-02
-3.84100776792136e-02
9.46817612459371e-02
-5.03853317233607e-02
1.10670699021654e-01
-4.90504129656776e-02
1.06243271178295e-01
-6.95947684154937e-02
1.12517053881970e-01
-5.89363765774599e-02
1.06987510803222e-01
-8.86849588323894e-02
1.05321841302740e-01
-6.72426064406772e-02
9.89876559621607e-02
-1.07175357321000e-01
8.72273492927461e-02
-7.40490482447382e-02
8.04815647450429e-02
-1.23079403636038e-01
6.18288431800892e-02
-7.85998164628648e-02
5.51801651039092e-02
-1.34584824683608e-01
2.74571305680760e-02
-8.02737587806285e-02
2.17141746879015e-02
-1.40886832399560e-01
-1.09208101713031e-02
-7.90532107512081e-02
-1.50281173113733e-02
-1.37847737013411e-01
-5.31355576556641e-02
-7.34144803796409e-02
-5.41150509432692e-02
-1.27897110233802e-01
-9.45598741016819e-02
-6.49285982433717e-02
-9.18149587949300e-02
-1.05687534869216e-01
-1.31384314742369e-01
-5.18886175551899e-02
-1.24226189661576e-01
-7.72989930157903e-02
-1.62269652806189e-01
-3.68793667754338e-02
-1.51106923919141e-01
-3.99011938053256e-02
-1.80014488291868e-01
-1.88158925646294e-02
-1.66333579107342e-01
-1.71858644279553e-11
-1.88402106265735e-01
-4.00557529515761e-11
-1.73524884018560e-01
3.99011937452368e-02
-1.80014488306825e-01
1.88158924821957e-02
-1.66333579183059e-01
7.72989929227747e-02
-1.62269652835882e-01
3.68793666892425e-02
-1.51106924063954e-01
1.05687534759157e-01
-1.31384314789216e-01
5.18886174648288e-02
-1.24226189844733e-01
1.27897110112564e-01
-9.45598741640959e-02
6.49285981479358e-02
-9.18149590022381e-02
1.37847736901006e-01
-5.31355577327181e-02
7.34144802825899e-02
-5.41150511497467e-02
1.40886832294994e-01
-1.09208102582522e-02
7.90532106507984e-02
-1.50281175029063e-02
1.34584824565386e-01
2.74571304887665e-02
8.02737586645597e-02
2.17141745344367e-02
1.23079403504262e-01
6.18288431138846e-02
7.85998163302937e-02
5.51801649949609e-02
1.07175357178739e-01
8.72273492457083e-02
7.40490480900865e-02
8.04815646746969e-02
8.86849586828978e-02
1.05321841276348e-01
6.72426062681714e-02
9.89876559286367e-02
6.95947682655602e-02
1.12517053874491e-01
5.89363763994496e-02
1.06987510801042e-01
5.03853315805255e-02
1.10670699030645e-01
4.90504127924498e-02
1.06243271201801e-01
3.33151719240466e-02
9.78159661299978e-02
3.84100775151372e-02
9.46817612817010e-02
1.80720504506094e-02
7.52910106682172e-02
2.65844618509747e-02
7.35216277812475e-02
7.61965981546480e-03
4.25628243502807e-02
1.42029250598221e-02
4.16959678037508e-02
-3.33149368369432e-05
-6.03848701545146e-07
6.86587062561476e-04
1.41654495191966e-04
-1.41407614852063e-04
1.31822822079591e-04
2.88599759682497e+03
6.45530602650894e-05
1.89657197573429e-05
2.61723949608939e+03
-1.09753743243848e-02
5.02305810813164e-02
-7.07969140279599e-03
5.09340793975420e-02
-2.35951795471995e-02
8.84275342007665e-02
1.56153403947072e+03
-1.86371187076562e-02
8.96226013814700e-02
1.50942707945218e+03
-3.91040968495023e-02
1.13729567682723e-01
-3.61783644553927e-02
1.16065127820097e-01
-5.60913349271254e-02
1.27662342546137e-01
1.00081832912604e+03
-5.69885709415214e-02
1.31127448455132e-01
1.15440493020081e+03
-7.62496957624732e-02
1.30099893576594e-01
-8.21659560483828e-02
1.34580640341324e-01
-9.66326608881245e-02
1.22162286612698e-01
1.05276952564275e+03
-1.08415042525645e-01
1.27461371950252e-01
1.17376531799757e+03
-1.18392840466163e-01
1.02064355293622e-01
-1.36273586957694e-01
1.08056573591518e-01
-1.37910599762814e-01
7.33749243572718e-02
1.27398803808482e+03
-1.61899697234997e-01
7.96426595698879e-02
1.29694939910167e+03
-1.54451598833245e-01
3.36341797688877e-02
-1.84036072758549e-01
3.97181974748374e-02
-1.65319266027935e-01
-1.10605378815069e-02
1.81901975712754e+03
-1.99459355433802e-01
-6.01632835362632e-03
1.76149520688453e+03
-1.65489066431738e-01
-6.09489456376982e-02
-2.02043858816645e-01
-5.86994195561690e-02
-1.57051607866700e-01
-1.10132620195684e-01
3.17325574619816e+03
-1.93479232703442e-01
-1.11629495294867e-01
3.11429440061305e+03
-1.31646707633024e-01
-1.54189185823998e-01
-1.63504150755778e-01
-1.60613048785494e-01
-9.79185718396824e-02
-1.91251870610118e-01
4.84679609331589e+03
-1.22051537272566e-01
-2.02224393570494e-01
4.84472213156384e+03
-5.07031077505274e-02
-2.12576232795539e-01
-6.34371532797585e-02
-2.26542279694850e-01
-9.53295138428302e-11
-2.22681857455270e-01
5.62885193861744e+03
-6.62225795753399e-11
-2.37976447068415e-01
5.66244241008825e+03
5.07031075815298e-02
-2.12576232841735e-01
6.34371531470401e-02
-2.26542279706124e-01
9.79185717023621e-02
-1.91251870695510e-01
4.84679611109272e+03
1.22051537142877e-01
-2.02224393589528e-01
4.84472213144293e+03
1.31646707527484e-01
-1.54189185898233e-01
1.63504150639998e-01
-1.60613048784375e-01
1.57051607791747e-01
-1.10132620252086e-01
3.17325574973159e+03
1.93479232605644e-01
-1.11629495274137e-01
3.11429441430842e+03
1.65489066391327e-01
-6.09489456887901e-02
2.02043858752836e-01
-5.86994195412945e-02
1.65319266016387e-01
-1.10605379293119e-02
1.81901978458202e+03
1.99459355400959e-01
-6.01632835202665e-03
1.76149522153225e+03
1.54451598813168e-01
3.36341797043763e-02
1.84036072719897e-01
3.97181974432823e-02
1.37910599717725e-01
7.33749242769632e-02
1.27398800492868e+03
1.61899697176182e-01
7.96426595072015e-02
1.29694938640999e+03
1.18392840358797e-01
1.02064355216078e-01
1.36273586854700e-01
1.08056573528655e-01
9.66326607226567e-02
1.22162286542674e-01
1.05276952182973e+03
1.08415042382892e-01
1.27461371893516e-01
1.17376532167846e+03
7.62496955639294e-02
1.30099893523439e-01
8.21659558833816e-02
1.34580640294326e-01
5.60913347108071e-02
1.27662342510360e-01
1.00081833775463e+03
5.69885707662931e-02
1.31127448417425e-01
1.15440493075487e+03
3.91040965985854e-02
1.13729567662500e-01
3.61783642551260e-02
1.16065127789342e-01
2.35951792973943e-02
8.84275341930123e-02
1.56153401999822e+03
1.86371185083773e-02
8.96226013579803e-02
1.50942706255600e+03
1.09753741673047e-02
5.02305810857715e-02
7.07969127004586e-03
5.09340793968794e-02
1.41407610999767e-04
1.31822822395704e-04
2.88599766075607e+03
-6.45530616553308e-05
1.89657211573073e-05
2.61723953967108e+03
1.57224473128225e-05
2.70362038493351e-06
-3.34905748847260e-03
6.12194944292563e-02
-1.57885530587516e-02
1.06513291490973e-01
-3.71182281675742e-02
1.39291131273910e-01
-6.49087707739823e-02
1.59173871660597e-01
-9.88777377575993e-02
1.66713463991205e-01
-1.36289677655731e-01
1.61984886265796e-01
-1.76824052647310e-01
1.43888571433201e-01
-2.17490374777753e-01
1.13886425640617e-01
-2.55977237534560e-01
6.97871510006784e-02
-2.87353943205389e-01
1.39251211401840e-02
-3.03288397403482e-01
-5.50365730355597e-02
-2.98259887090553e-01
-1.31123985539886e-01
-2.61187486429263e-01
-2.06774187180627e-01
-1.96127973364501e-01
-2.72020576909671e-01
-1.04084423187647e-01
-3.13728928745759e-01
-6.85708429794739e-11
-3.30058763953880e-01
1.04084423051143e-01
-3.13728928726345e-01
1.96127973230897e-01
-2.72020576863699e-01
2.61187486309121e-01
-2.06774187072080e-01
2.98259886994125e-01
-1.31123985376396e-01
3.03288397345881e-01
-5.50365728712949e-02
2.87353943188714e-01
1.39251212720675e-02
2.55977237526913e-01
6.97871510312605e-02
2.17490374745165e-01
1.13886425575059e-01
1.76824052568809e-01
1.43888571365163e-01
1.36289677547396e-01
1.61984886214611e-01
9.88777376357046e-02
1.66713463936899e-01
6.49087706451414e-02
1.59173871595404e-01
3.71182280176987e-02
1.39291131184862e-01
1.57885528925482e-02
1.06513291394695e-01
3.34905736063206e-03
6.12194944478145e-02
-1.57224476959327e-05
2.70362065501667e-06
-1.88573007863082e-05
7.80867593450639e-06
1.36724036429725e+03
-3.31389336526715e-03
7.22286903624407e-02
-1.76682519025482e-02
1.24401245974677e-01
1.31438355028240e+03
-4.12507691531007e-02
1.64527091265634e-01
-7.27179318029002e-02
1.90404670359342e-01
1.16835049943803e+03
-1.09138531509226e-01
2.03469048682567e-01
-1.50700174167122e-01
2.02602841645622e-01
1.10915453536922e+03
-1.95953239227421e-01
1.88052842632667e-01
-2.45051256343697e-01
1.58260341983271e-01
1.33209037326271e+03
-2.96392671541491e-01
1.11915960661564e-01
-3.42883474779888e-01
4.57786867305050e-02
2.04266623358449e+03
-3.76753088593155e-01
-4.34369798283101e-02
-3.80481178928206e-01
-1.49815021851129e-01
3.23248670772283e+03
-3.43782614876856e-01
-2.62702275603769e-01
-2.60324858502266e-01
-3.61508255941373e-01
4.64325698408536e+03
-1.40323409680256e-01
-4.27707721403053e-01
-4.69320689407898e-11
-4.51545622887892e-01
5.15651494561910e+03
1.40323409585575e-01
-4.27707721384929e-01
2.60324858403672e-01
-3.61508255890150e-01
4.64325698406676e+03
3.43782614774266e-01
-2.62702275466791e-01
3.80481178834741e-01
-1.49815021635695e-01
3.23248670405211e+03
3.76753088515983e-01
-4.34369795947639e-02
3.42883474731348e-01
4.57786869246112e-02
2.04266623079826e+03
2.96392671515394e-01
1.11915960695070e-01
2.45051256291657e-01
1.58260341869683e-01
1.33209037599842e+03
1.95953239149029e-01
1.88052842548422e-01
1.50700174095097e-01
2.02602841624037e-01
1.10915453507140e+03
1.09138531459469e-01
2.03469048654320e-01
7.27179317730625e-02
1.90404670297568e-01
1.16835049919601e+03
4.12507691349853e-02
1.64527091135669e-01
1.76682518596948e-02
1.24401245811776e-01
1.31438355250684e+03
3.31389331062031e-03
7.22286904179677e-02
1.88573012247049e-05
7.80867605063315e-06
1.36724035281069e+03
3.88678549709611e-06
-6.21416797375590e-06
-6.58487732896427e-03
7.88505301864725e-02
-2.25511635942807e-02
1.44788126926546e-01
-4.82526814507715e-02
1.94283225484006e-01
-8.17104935535263e-02
2.27244440083644e-01
-1.19570273132240e-01
2.44223132056590e-01
-1.61173056659759e-01
2.47187589310498e-01
-2.06446744642317e-01
2.36373512573636e-01
-2.55955393875684e-01
2.10423361014058e-01
-3.09015956008815e-01
1.65635121461341e-01
-3.63713541340719e-01
9.43440968183899e-02
-4.08639621085093e-01
-1.43512799787607e-02
-4.23586176386448e-01
-1.60465667467381e-01
-3.88566852040287e-01
-3.26459932662206e-01
-2.95104731785637e-01
-4.74399034857559e-01
-1.58847416514494e-01
-5.72687226060913e-01
-4.34897249352215e-11
-6.07588615590443e-01
1.58847416426234e-01
-5.72687226036862e-01
2.95104731697776e-01
-4.74399034803198e-01
3.88566851956542e-01
-3.26459932578893e-01
4.23586176307156e-01
-1.60465667361706e-01
4.08639621019069e-01
-1.43512798646620e-02
3.63713541292877e-01
9.43440969053378e-02
3.09015955968292e-01
1.65635121498426e-01
2.55955393834450e-01
2.10423361005915e-01
2.06446744597157e-01
2.36373512538645e-01
1.61173056617220e-01
2.47187589267444e-01
1.19570273103834e-01
2.44223132003491e-01
8.17104935399038e-02
2.27244440010095e-01
4.82526814436368e-02
1.94283225397333e-01
2.25511635973200e-02
1.44788126858143e-01
6.58487736274021e-03
7.88505301177166e-02
-3.88678549419010e-06
-6.21416807755127e-06
-1.87873165384193e-05
2.07036937527656e-05
1.35772706792066e+03
-1.00376024072892e-02
9.13399977777922e-02
-2.94134402320365e-02
1.69042744029644e-01
1.12259431727067e+03
-6.01110339202411e-02
2.26549023097010e-01
-9.31452538451317e-02
2.62226476255472e-01
7.77642819557674e+02
-1.28149664588600e-01
2.82204272615344e-01
-1.64609056927692e-01
2.87965101598179e-01
7.50406359166559e+02
-2.03268785260482e-01
2.80703438643288e-01
-2.45054666948581e-01
2.58611837731287e-01
8.94403160305310e+02
-2.91039761279220e-01
2.17589986566043e-01
-3.43625370544359e-01
1.48576989542175e-01
1.29632488124785e+03
-3.98180827765524e-01
2.89388031776793e-02
-4.26066364938287e-01
-1.54799855475686e-01
3.15558289428317e+03
-3.99816797253566e-01
-3.91663637104922e-01
-3.03630182016017e-01
-6.02047091070526e-01
5.39140533928885e+03
-1.58992655850257e-01
-7.27764871107092e-01
-4.35367642872744e-11
-7.67721408415972e-01
6.60824739046788e+03
1.58992655763204e-01
-7.27764871081289e-01
3.03630181928480e-01
-6.02047091018872e-01
5.39140533918324e+03
3.99816797168999e-01
-3.91663637031382e-01
4.26066364866697e-01
-1.54799855388509e-01
3.15558289526323e+03
3.98180827712108e-01
2.89388032643819e-02
3.43625370509560e-01
1.48576989609261e-01
1.29632488198975e+03
2.91039761256888e-01
2.17589986600446e-01
2.45054666922788e-01
2.58611837731428e-01
8.94403159277952e+02
2.03268785229356e-01
2.80703438614541e-01
1.64609056902533e-01
2.87965101548583e-01
7.50406359194542e+02
1.28149664575127e-01
2.82204272548922e-01
9.31452538431643e-02
2.62226476173647e-01
7.77642819418830e+02
6.01110339255118e-02
2.26549023009491e-01
2.94134402386591e-02
1.69042743943507e-01
1.12259431599987e+03
1.00376023908942e-02
9.13399977124878e-02
1.87873165414960e-05
2.07036937757726e-05
1.35772707009896e+03
2.44534494544072e-05
-3.01637201031100e-05
-1.57082778293053e-02
1.11218340737381e-01
-5.17004936728838e-02
2.02134289267432e-01
-8.24588316445666e-02
2.56918731048629e-01
-1.10508180118651e-01
2.93162104072447e-01
-1.37284044158117e-01
3.13075827362569e-01
-1.63861622756415e-01
3.19826451834694e-01
-1.90689219585834e-01
3.14634382231717e-01
-2.17896110670564e-01
2.94972970209774e-01
-2.46915874489415e-01
2.57202301502325e-01
-2.81115242481945e-01
1.92006669984367e-01
-3.18477045145817e-01
8.22727789738776e-02
-3.66246333011670e-01
-1.26205172866739e-01
-3.60137390695159e-01
-4.59113955268405e-01
-2.52236580687891e-01
-7.39511631714276e-01
-1.20075107150461e-01
-8.71300626739881e-01
-4.63783634185594e-11
-9.07919174282286e-01
1.20075107058874e-01
-8.71300626715088e-01
2.52236580599510e-01
-7.39511631663837e-01
3.60137390614839e-01
-4.59113955192181e-01
3.66246332946953e-01
-1.26205172773636e-01
3.18477045100503e-01
8.22727790642188e-02
2.81115242455775e-01
1.92006670051912e-01
2.46915874476466e-01
2.57202301530197e-01
2.17896110659649e-01
2.94972970197446e-01
1.90689219573623e-01
3.14634382193662e-01
1.63861622748311e-01
3.19826451779119e-01
1.37284044155795e-01
3.13075827289310e-01
1.10508180120107e-01
2.93162103982792e-01
8.24588316473742e-02
2.56918730949294e-01
5.17004936687207e-02
2.02134289176054e-01
1.57082778213398e-02
1.11218340692364e-01
-2.44534494549639e-05
-3.01637200755364e-05
-5.43007938250135e-05
8.22172701420091e-05
2.09751835102174e+03
-6.81250141887423e-02
1.56411806984987e-01
-9.43604137477431e-02
2.23266599272427e-01
2.73168523332647e+02
-1.18962731958904e-01
2.79070686262819e-01
-1.34494955837238e-01
3.14207773370755e-01
3.22752668544545e+02
-1.48610874901485e-01
3.33255156603587e-01
-1.63097013868061e-01
3.39023412476416e-01
2.35472430177918e+02
-1.76300045631555e-01
3.33858602124200e-01
-1.85870407627224e-01
3.14174087943852e-01
2.17022434102693e+02
-1.91916930556581e-01
2.72887407340899e-01
-1.96855681210204e-01
2.07340340651965e-01
-1.77661601258130e+02
-1.81593567456022e-01
1.05590963937274e-01
-1.52084535235231e-01
-7.39054323963712e-02
4.14387497269191e+02
-1.41653099938622e-01
-5.34067091756334e-01
-1.05555725284333e-01
-8.46512139170943e-01
9.18218414329933e+03
-4.72098451520010e-02
-9.61103985526946e-01
-5.39565877023854e-11
-1.00401038882457e+00
8.57205280231597e+03
4.72098450457665e-02
-9.61103985505832e-01
1.05555725185624e-01
-8.46512139128113e-01
9.18218414308864e+03
1.41653099855377e-01
-5.34067091696351e-01
1.52084535172317e-01
-7.39054323275822e-02
4.14387496328048e+02
1.81593567419506e-01
1.05590964004206e-01
1.96855681198887e-01
2.07340340698796e-01
-1.77661601995379e+02
1.91916930559737e-01
2.72887407358507e-01
1.85870407637635e-01
3.14174087931705e-01
2.17022434331688e+02
1.76300045643021e-01
3.33858602085284e-01
1.63097013878553e-01
3.39023412417897e-01
2.35472430151794e+02
1.48610874912331e-01
3.33255156527826e-01
1.34494955843995e-01
3.14207773279013e-01
3.22752668526667e+02
1.18962731953201e-01
2.79070686168732e-01
9.43604137369247e-02
2.23266599196352e-01
2.73168523915597e+02
6.81250141796923e-02
1.56411806925572e-01
5.43007938280486e-05
8.22172700929560e-05
2.09751834920105e+03
